8 0.1265625 0.12910798122065728 0.2296875 0.19718309859154928
8 0.378125 0.1267605633802817 0.225 0.2300469483568075
8 0.625 0.12910798122065728 0.23125 0.215962441314554
8 0.8765625 0.13849765258215962 0.234375 0.18309859154929578
8 0.1265625 0.3779342723004695 0.2390625 0.18309859154929578
8 0.3765625 0.3826291079812207 0.2265625 0.19718309859154928
8 0.6265625 0.38028169014084506 0.234375 0.1431924882629108
8 0.875 0.3755868544600939 0.21875 0.22065727699530516
8 0.125 0.6197183098591549 0.2265625 0.20422535211267606
8 0.3765625 0.6220657276995305 0.23125 0.22065727699530516
8 0.625 0.6173708920187794 0.234375 0.19014084507042253
8 0.8765625 0.6244131455399061 0.234375 0.20187793427230047
8 0.125 0.8779342723004695 0.2359375 0.20657276995305165
8 0.3734375 0.8849765258215962 0.221875 0.215962441314554
8 0.6265625 0.8849765258215962 0.240625 0.1572769953051643
8 0.875 0.9107981220657277 0.2421875 0.17136150234741784